6.002290   58.378925  
6.006979   58.335390  
6.011669   58.291645  
6.016358   58.247691  
6.021048   58.203527  
6.025737   58.159154  
6.030426   58.114571  
6.035116   58.069777  
6.039805   58.024772  
6.044495   57.979557  
6.049184   57.934131  
6.053874   57.888493  
6.058563   57.842645  
6.063253   57.796584  
6.067942   57.750312  
6.072632   57.703828  
6.077321   57.657132  
6.082010   57.610224  
6.086700   57.563104  
6.091389   57.515771  
6.096079   57.468226  
6.100768   57.420468  
6.105458   57.372498  
6.110147   57.324315  
6.114837   57.275919  
6.119526   57.227311  
6.124216   57.178490  
6.128905   57.129457  
6.133594   57.080210  
6.138284   57.030751  
6.142973   56.981080  
6.147663   56.931195  
6.152352   56.881099  
6.157042   56.830790  
6.161731   56.780268  
6.166421   56.729534  
6.171110   56.678589  
6.175800   56.627431  
6.180489   56.576062  
6.185178   56.524481  
6.189868   56.472689  
6.194557   56.420685  
6.199247   56.368471  
6.203936   56.316046  
6.208626   56.263410  
6.213315   56.210564  
6.218005   56.157508  
6.222694   56.104243  
6.227384   56.050769  
6.232073   55.997085  
6.236762   55.943193  
6.241452   55.889092  
6.246141   55.834784  
6.250831   55.780268  
6.255520   55.725546  
6.260210   55.670617  
6.264899   55.615481  
6.269589   55.560140  
6.274278   55.504594  
6.278968   55.448843  
6.283657   55.392888  
6.288346   55.336730  
6.293036   55.280368  
6.297725   55.223804  
6.302415   55.167038  
6.307104   55.110071  
6.311794   55.052904  
6.316483   54.995536  
6.321173   54.937970  
6.325862   54.880205  
6.330552   54.822242  
6.335241   54.764081  
6.339930   54.705725  
6.344620   54.647173  
6.349309   54.588426  
6.353999   54.529485  
6.358688   54.470351  
6.363378   54.411025  
6.368067   54.351508  
6.372757   54.291799  
6.377446   54.231902  
6.382136   54.171815  
6.386825   54.111541  
6.391514   54.051080  
6.396204   53.990433  
6.400893   53.929601  
6.405583   53.868586  
6.410272   53.807388  
6.414962   53.746008  
6.419651   53.684448  
6.424341   53.622708  
6.429030   53.560790  
6.433720   53.498695  
6.438409   53.436423  
6.443098   53.373977  
6.447788   53.311357  
6.452477   53.248565  
6.457167   53.185602  
6.461856   53.122469  
6.466546   53.059167  
6.471235   52.995698  
6.475925   52.932062  
6.480614   52.868263  
6.485304   52.804300  
6.489993   52.740175  
6.494682   52.675889  
6.499372   52.611445  
6.504061   52.546843  
6.508751   52.482084  
6.513440   52.417172  
6.518130   52.352105  
6.522819   52.286888  
6.527509   52.221520  
6.532198   52.156003  
6.536888   52.090340  
6.541577   52.024531  
6.546266   51.958578  
6.550956   51.892484  
6.555645   51.826248  
6.560335   51.759874  
6.565024   51.693363  
6.569714   51.626716  
6.574403   51.559935  
6.579093   51.493023  
6.583782   51.425980  
6.588472   51.358809  
6.593161   51.291511  
6.597850   51.224088  
6.602540   51.156542  
6.607229   51.088874  
6.611919   51.021087  
6.616608   50.953183  
6.621298   50.885163  
6.625987   50.817029  
6.630677   50.748783  
6.635366   50.680427  
6.640056   50.611964  
6.644745   50.543394  
6.649434   50.474720  
6.654124   50.405943  
6.658813   50.337067  
6.663503   50.268092  
6.668192   50.199022  
6.672882   50.129857  
6.677571   50.060600  
6.682261   49.991253  
6.686950   49.921817  
6.691639   49.852296  
6.696329   49.782691  
6.701018   49.713004  
6.705708   49.643238  
6.710397   49.573393  
6.715087   49.503474  
6.719776   49.433480  
6.724466   49.363416  
6.729155   49.293282  
6.733845   49.223082  
6.738534   49.152816  
6.743223   49.082488  
6.747913   49.012099  
6.752602   48.941651  
6.757292   48.871147  
6.761981   48.800590  
6.766671   48.729980  
6.771360   48.659320  
6.776050   48.588613  
6.780739   48.517860  
6.785429   48.447064  
6.790118   48.376227  
6.794807   48.305350  
6.799497   48.234437  
6.804186   48.163490  
6.808876   48.092509  
6.813565   48.021499  
6.818255   47.950460  
6.822944   47.879396  
6.827634   47.808307  
6.832323   47.737197  
6.837013   47.666067  
6.841702   47.594920  
6.846391   47.523757  
6.851081   47.452581  
6.855770   47.381395  
6.860460   47.310199  
6.865149   47.238996  
6.869839   47.167788  
6.874528   47.096578  
6.879218   47.025367  
6.883907   46.954158  
6.888597   46.882951  
6.893286   46.811751  
6.897975   46.740558  
6.902665   46.669374  
6.907354   46.598202  
6.912044   46.527043  
6.916733   46.455899  
6.921423   46.384773  
6.926112   46.313666  
6.930802   46.242580  
6.935491   46.171517  
6.940181   46.100480  
6.944870   46.029469  
6.949559   45.958486  
6.954249   45.887534  
6.958938   45.816614  
6.963628   45.745728  
6.968317   45.674878  
6.973007   45.604065  
6.977696   45.533291  
6.982386   45.462558  
6.987075   45.391867  
6.991765   45.321221  
6.996454   45.250620  
7.001143   45.180066  
7.005833   45.109561  
7.010522   45.039107  
7.015212   44.968704  
7.019901   44.898354  
7.024591   44.828060  
7.029280   44.757821  
7.033970   44.687640  
7.038659   44.617518  
7.043349   44.547456  
7.048038   44.477455  
7.052727   44.407517  
7.057417   44.337643  
7.062106   44.267835  
7.066796   44.198092  
7.071485   44.128417  
7.076175   44.058811  
7.080864   43.989274  
7.085554   43.919808  
7.090243   43.850414  
7.094933   43.781092  
7.099622   43.711844  
7.104311   43.642671  
7.109001   43.573573  
7.113690   43.504551  
7.118380   43.435606  
7.123069   43.366739  
7.127759   43.297951  
7.132448   43.229242  
7.137138   43.160612  
7.141827   43.092064  
7.146517   43.023596  
7.151206   42.955210  
7.155895   42.886907  
7.160585   42.818686  
7.165274   42.750548  
7.169964   42.682495  
7.174653   42.614525  
7.179343   42.546639  
7.184032   42.478838  
7.188722   42.411123  
7.193411   42.343492  
7.198101   42.275947  
7.202790   42.208488  
7.207479   42.141115  
7.212169   42.073828  
7.216858   42.006626  
7.221548   41.939511  
7.226237   41.872483  
7.230927   41.805540  
7.235616   41.738684  
7.240306   41.671914  
7.244995   41.605230  
7.249685   41.538632  
7.254374   41.472120  
7.259063   41.405693  
7.263753   41.339352  
7.268442   41.273097  
7.273132   41.206926  
7.277821   41.140840  
7.282511   41.074839  
7.287200   41.008922  
7.291890   40.943089  
7.296579   40.877339  
7.301269   40.811673  
7.305958   40.746089  
7.310647   40.680588  
7.315337   40.615168  
7.320026   40.549830  
7.324716   40.484573  
7.329405   40.419397  
7.334095   40.354300  
7.338784   40.289283  
7.343474   40.224345  
7.348163   40.159485  
7.352853   40.094703  
7.357542   40.029999  
7.362231   39.965371  
7.366921   39.900819  
7.371610   39.836343  
7.376300   39.771942  
7.380989   39.707616  
7.385679   39.643363  
7.390368   39.579183  
7.395058   39.515076  
7.399747   39.451040  
7.404436   39.387076  
7.409126   39.323183  
7.413815   39.259360  
7.418505   39.195606  
7.423194   39.131921  
7.427884   39.068305  
7.432573   39.004756  
7.437263   38.941274  
7.441952   38.877859  
7.446642   38.814509  
7.451331   38.751225  
7.456020   38.688005  
7.460710   38.624850  
7.465399   38.561758  
7.470089   38.498730  
7.474778   38.435764  
7.479468   38.372860  
7.484157   38.310018  
7.488847   38.247237  
7.493536   38.184517  
7.498226   38.121856  
7.502915   38.059256  
7.507604   37.996715  
7.512294   37.934233  
7.516983   37.871809  
7.521673   37.809444  
7.526362   37.747137  
7.531052   37.684887  
7.535741   37.622694  
7.540431   37.560559  
7.545120   37.498480  
7.549810   37.436457  
7.554499   37.374491  
7.559188   37.312581  
7.563878   37.250727  
7.568567   37.188929  
7.573257   37.127187  
7.577946   37.065499  
7.582636   37.003868  
7.587325   36.942292  
7.592015   36.880771  
7.596704   36.819305  
7.601394   36.757895  
7.606083   36.696540  
7.610772   36.635241  
7.615462   36.573997  
7.620151   36.512808  
7.624841   36.451676  
7.629530   36.390599  
7.634220   36.329578  
7.638909   36.268613  
7.643599   36.207705  
7.648288   36.146852  
7.652978   36.086057  
7.657667   36.025319  
7.662356   35.964638  
7.667046   35.904014  
7.671735   35.843448  
7.676425   35.782940  
7.681114   35.722491  
7.685804   35.662100  
7.690493   35.601768  
7.695183   35.541496  
7.699872   35.481283  
7.704562   35.421131  
7.709251   35.361039  
7.713940   35.301007  
7.718630   35.241037  
7.723319   35.181129  
7.728009   35.121282  
7.732698   35.061498  
7.737388   35.001776  
7.742077   34.942118  
7.746767   34.882523  
7.751456   34.822992  
7.756146   34.763526  
7.760835   34.704124  
7.765524   34.644787  
7.770214   34.585516  
7.774903   34.526310  
7.779593   34.467171  
7.784282   34.408098  
7.788972   34.349092  
7.793661   34.290153  
7.798351   34.231282  
7.803040   34.172479  
7.807730   34.113744  
7.812419   34.055077  
7.817108   33.996479  
7.821798   33.937950  
7.826487   33.879490  
7.831177   33.821099  
7.835866   33.762779  
7.840556   33.704528  
7.845245   33.646347  
7.849935   33.588236  
7.854624   33.530196  
7.859314   33.472226  
7.864003   33.414326  
7.868692   33.356498  
7.873382   33.298739  
7.878071   33.241052  
7.882761   33.183436  
7.887450   33.125890  
7.892140   33.068415  
7.896829   33.011011  
7.901519   32.953677  
7.906208   32.896414  
7.910898   32.839222  
7.915587   32.782100  
7.920276   32.725049  
7.924966   32.668068  
7.929655   32.611157  
7.934345   32.554316  
7.939034   32.497544  
7.943724   32.440843  
7.948413   32.384210  
7.953103   32.327647  
7.957792   32.271153  
7.962482   32.214727  
7.967171   32.158370  
7.971860   32.102081  
7.976550   32.045860  
7.981239   31.989707  
7.985929   31.933621  
7.990618   31.877602  
7.995308   31.821650  
7.999997   31.765765  
8.004687   31.709946  
8.009376   31.654193  
8.014066   31.598506  
8.018755   31.542884  
8.023444   31.487327  
8.028134   31.431835  
8.032823   31.376408  
8.037513   31.321045  
8.042202   31.265746  
8.046892   31.210511  
8.051581   31.155340  
8.056271   31.100232  
8.060960   31.045187  
8.065650   30.990205  
8.070339   30.935286  
8.075028   30.880429  
8.079718   30.825635  
8.084407   30.770903  
8.089097   30.716233  
8.093786   30.661625  
8.098476   30.607078  
8.103165   30.552594  
8.107855   30.498171  
8.112544   30.443809  
8.117233   30.389510  
8.121923   30.335271  
8.126612   30.281094  
8.131302   30.226979  
8.135991   30.172925  
8.140681   30.118932  
8.145370   30.065001  
8.150060   30.011131  
8.154749   29.957323  
8.159439   29.903577  
8.164128   29.849892  
8.168817   29.796270  
8.173507   29.742709  
8.178196   29.689211  
8.182886   29.635774  
8.187575   29.582400  
8.192265   29.529089  
8.196954   29.475840  
8.201644   29.422654  
8.206333   29.369531  
8.211023   29.316471  
8.215712   29.263475  
8.220401   29.210542  
8.225091   29.157673  
8.229780   29.104867  
8.234470   29.052126  
8.239159   28.999448  
8.243849   28.946835  
8.248538   28.894286  
8.253228   28.841802  
8.257917   28.789383  
8.262607   28.737029  
8.267296   28.684739  
8.271985   28.632515  
8.276675   28.580356  
8.281364   28.528262  
8.286054   28.476233  
8.290743   28.424270  
8.295433   28.372373  
8.300122   28.320540  
8.304812   28.268774  
8.309501   28.217073  
8.314191   28.165437  
8.318880   28.113867  
8.323569   28.062363  
8.328259   28.010923  
8.332948   27.959550  
8.337638   27.908241  
8.342327   27.856998  
8.347017   27.805820  
8.351706   27.754706  
8.356396   27.703658  
8.361085   27.652674  
8.365775   27.601755  
8.370464   27.550900  
8.375153   27.500110  
8.379843   27.449384  
8.384532   27.398721  
8.389222   27.348123  
8.393911   27.297588  
8.398601   27.247116  
8.403290   27.196707  
8.407980   27.146362  
8.412669   27.096079  
8.417359   27.045859  
8.422048   26.995701  
8.426737   26.945606  
8.431427   26.895573  
8.436116   26.845601  
8.440806   26.795692  
8.445495   26.745844  
8.450185   26.696058  
8.454874   26.646333  
8.459564   26.596669  
8.464253   26.547066  
8.468943   26.497525  
8.473632   26.448044  
8.478321   26.398624  
8.483011   26.349265  
8.487700   26.299967  
8.492390   26.250730  
8.497079   26.201553  
8.501769   26.152437  
8.506458   26.103382  
8.511148   26.054388  
8.515837   26.005455  
8.520527   25.956582  
8.525216   25.907770  
8.529905   25.859019  
8.534595   25.810330  
8.539284   25.761701  
8.543974   25.713134  
8.548663   25.664628  
8.553353   25.616183  
8.558042   25.567800  
8.562732   25.519478  
8.567421   25.471218  
8.572111   25.423020  
8.576800   25.374883  
8.581489   25.326809  
8.586179   25.278797  
8.590868   25.230847  
8.595558   25.182959  
8.600247   25.135133  
8.604937   25.087370  
8.609626   25.039669  
8.614316   24.992031  
8.619005   24.944455  
8.623695   24.896941  
8.628384   24.849490  
8.633073   24.802102  
8.637763   24.754776  
8.642452   24.707513  
8.647142   24.660312  
8.651831   24.613173  
8.656521   24.566096  
8.661210   24.519082  
8.665900   24.472130  
8.670589   24.425239  
8.675279   24.378411  
8.679968   24.331644  
8.684657   24.284939  
8.689347   24.238296  
8.694036   24.191714  
8.698726   24.145193  
8.703415   24.098733  
8.708105   24.052333  
8.712794   24.005995  
8.717484   23.959717  
8.722173   23.913500  
8.726863   23.867343  
8.731552   23.821245  
8.736241   23.775208  
8.740931   23.729231  
8.745620   23.683314  
8.750310   23.637456  
8.754999   23.591657  
8.759689   23.545918  
8.764378   23.500239  
8.769068   23.454619  
8.773757   23.409058  
8.778447   23.363556  
8.783136   23.318113  
8.787825   23.272730  
8.792515   23.227405  
8.797204   23.182140  
8.801894   23.136934  
8.806583   23.091788  
8.811273   23.046700  
8.815962   23.001672  
8.820652   22.956703  
8.825341   22.911794  
8.830030   22.866945  
8.834720   22.822154  
8.839409   22.777424  
8.844099   22.732753  
8.848788   22.688143  
8.853478   22.643592  
8.858167   22.599101  
8.862857   22.554670  
8.867546   22.510299  
8.872236   22.465989  
8.876925   22.421738  
8.881614   22.377548  
8.886304   22.333418  
8.890993   22.289348  
8.895683   22.245339  
8.900372   22.201390  
8.905062   22.157501  
8.909751   22.113672  
8.914441   22.069903  
8.919130   22.026194  
8.923820   21.982545  
8.928509   21.938956  
8.933198   21.895426  
8.937888   21.851957  
8.942577   21.808546  
8.947267   21.765195  
8.951956   21.721903  
8.956646   21.678670  
8.961335   21.635497  
8.966025   21.592381  
8.970714   21.549325  
8.975404   21.506327  
8.980093   21.463387  
8.984782   21.420506  
8.989472   21.377682  
8.994161   21.334917  
8.998851   21.292209  
9.003540   21.249560  
9.008230   21.206968  
9.012919   21.164433  
9.017609   21.121957  
9.022298   21.079537  
9.026988   21.037176  
9.031677   20.994872  
9.036366   20.952625  
9.041056   20.910436  
9.045745   20.868304  
9.050435   20.826231  
9.055124   20.784214  
9.059814   20.742256  
9.064503   20.700355  
9.069193   20.658513  
9.073882   20.616728  
9.078572   20.575001  
9.083261   20.533332  
9.087950   20.491721  
9.092640   20.450169  
9.097329   20.408674  
9.102019   20.367238  
9.106708   20.325860  
9.111398   20.284541  
9.116087   20.243280  
9.120777   20.202077  
9.125466   20.160933  
9.130156   20.119847  
9.134845   20.078819  
9.139534   20.037849  
9.144224   19.996937  
9.148913   19.956083  
9.153603   19.915288  
9.158292   19.874550  
9.162982   19.833869  
9.167671   19.793247  
9.172361   19.752681  
9.177050   19.712173  
9.181740   19.671722  
9.186429   19.631328  
9.191118   19.590991  
9.195808   19.550710  
9.200497   19.510486  
9.205187   19.470319  
9.209876   19.430208  
9.214566   19.390153  
9.219255   19.350154  
9.223945   19.310211  
9.228634   19.270325  
9.233324   19.230495  
9.238013   19.190720  
9.242702   19.151002  
9.247392   19.111339  
9.252081   19.071733  
9.256771   19.032182  
9.261460   18.992688  
9.266150   18.953250  
9.270839   18.913868  
9.275529   18.874543  
9.280218   18.835274  
9.284908   18.796061  
9.289597   18.756905  
9.294286   18.717805  
9.298976   18.678762  
9.303665   18.639775  
9.308355   18.600845  
9.313044   18.561972  
9.317734   18.523155  
9.322423   18.484395  
9.327113   18.445692  
9.331802   18.407045  
9.336492   18.368455  
9.341181   18.329921  
9.345870   18.291443  
9.350560   18.253022  
9.355249   18.214656  
9.359939   18.176347  
9.364628   18.138093  
9.369318   18.099895  
9.374007   18.061753  
9.378697   18.023666  
9.383386   17.985634  
9.388076   17.947658  
9.392765   17.909736  
9.397454   17.871869  
9.402144   17.834058  
9.406833   17.796301  
9.411523   17.758598  
9.416212   17.720950  
9.420902   17.683357  
9.425591   17.645819  
9.430281   17.608335  
9.434970   17.570906  
9.439660   17.533531  
9.444349   17.496211  
9.449038   17.458946  
9.453728   17.421736  
9.458417   17.384581  
9.463107   17.347481  
9.467796   17.310435  
9.472486   17.273445  
9.477175   17.236510  
9.481865   17.199630  
9.486554   17.162805  
9.491243   17.126035  
9.495933   17.089321  
9.500622   17.052661  
9.505312   17.016057  
9.510001   16.979507  
9.514691   16.943013  
9.519380   16.906573  
9.524070   16.870188  
9.528759   16.833857  
9.533449   16.797581  
9.538138   16.761359  
9.542827   16.725191  
9.547517   16.689077  
9.552206   16.653017  
9.556896   16.617011  
9.561585   16.581059  
9.566275   16.545160  
9.570964   16.509314  
9.575654   16.473522  
9.580343   16.437783  
9.585033   16.402098  
9.589722   16.366466  
9.594411   16.330888  
9.599101   16.295363  
9.603790   16.259891  
9.608480   16.224473  
9.613169   16.189109  
9.617859   16.153798  
9.622548   16.118541  
9.627238   16.083338  
9.631927   16.048188  
9.636617   16.013092  
9.641306   15.978050  
9.645995   15.943062  
9.650685   15.908128  
9.655374   15.873247  
9.660064   15.838420  
9.664753   15.803646  
9.669443   15.768926  
9.674132   15.734259  
9.678822   15.699645  
9.683511   15.665085  
9.688201   15.630577  
9.692890   15.596122  
9.697579   15.561720  
9.702269   15.527370  
9.706958   15.493073  
9.711648   15.458829  
9.716337   15.424636  
9.721027   15.390497  
9.725716   15.356409  
9.730406   15.322374  
9.735095   15.288391  
9.739785   15.254461  
9.744474   15.220583  
9.749163   15.186757  
9.753853   15.152984  
9.758542   15.119264  
9.763232   15.085596  
9.767921   15.051981  
9.772611   15.018418  
9.777300   14.984907  
9.781990   14.951450  
9.786679   14.918044  
9.791369   14.884691  
9.796058   14.851391  
9.800747   14.818142  
9.805437   14.784946  
9.810126   14.751802  
9.814816   14.718709  
9.819505   14.685668  
9.824195   14.652680  
9.828884   14.619742  
9.833574   14.586856  
9.838263   14.554022  
9.842953   14.521239  
9.847642   14.488508  
9.852331   14.455827  
9.857021   14.423199  
9.861710   14.390622  
9.866400   14.358096  
9.871089   14.325622  
9.875779   14.293199  
9.880468   14.260828  
9.885158   14.228508  
9.889847   14.196240  
9.894537   14.164024  
9.899226   14.131858  
9.903915   14.099744  
9.908605   14.067682  
9.913294   14.035670  
9.917984   14.003710  
9.922673   13.971801  
9.927363   13.939942  
9.932052   13.908135  
9.936742   13.876378  
9.941431   13.844671  
9.946121   13.813016  
9.950810   13.781410  
9.955499   13.749856  
9.960189   13.718352  
9.964878   13.686898  
9.969568   13.655495  
9.974257   13.624143  
9.978947   13.592842  
9.983636   13.561591  
9.988326   13.530390  
9.993015   13.499241  
9.997705   13.468141  
10.002394   13.437093  
10.007083   13.406095  
10.011773   13.375147  
10.016462   13.344250  
10.021152   13.313402  
10.025841   13.282605  
10.030531   13.251858  
10.035220   13.221160  
10.039910   13.190513  
10.044599   13.159915  
10.049289   13.129366  
10.053978   13.098868  
10.058667   13.068419  
10.063357   13.038019  
10.068046   13.007670  
10.072736   12.977370  
10.077425   12.947120  
10.082115   12.916920  
10.086804   12.886770  
10.091494   12.856670  
10.096183   12.826619  
10.100873   12.796618  
10.105562   12.766667  
10.110251   12.736766  
10.114941   12.706913  
10.119630   12.677110  
10.124320   12.647356  
10.129009   12.617651  
10.133699   12.587995  
10.138388   12.558388  
10.143078   12.528830  
10.147767   12.499320  
10.152457   12.469859  
10.157146   12.440447  
10.161835   12.411084  
10.166525   12.381770  
10.171214   12.352505  
10.175904   12.323289  
10.180593   12.294123  
10.185283   12.265005  
10.189972   12.235937  
10.194662   12.206917  
10.199351   12.177946  
10.204040   12.149024  
10.208730   12.120151  
10.213419   12.091326  
10.218109   12.062549  
10.222798   12.033820  
10.227488   12.005139  
10.232177   11.976505  
10.236867   11.947920  
10.241556   11.919383  
10.246246   11.890894  
10.250935   11.862452  
10.255624   11.834060  
10.260314   11.805715  
10.265003   11.777419  
10.269693   11.749171  
10.274382   11.720972  
10.279072   11.692821  
10.283761   11.664719  
10.288451   11.636664  
10.293140   11.608658  
10.297830   11.580699  
10.302519   11.552787  
10.307208   11.524923  
10.311898   11.497106  
10.316587   11.469336  
10.321277   11.441613  
10.325966   11.413937  
10.330656   11.386308  
10.335345   11.358726  
10.340035   11.331192  
10.344724   11.303706  
10.349414   11.276267  
10.354103   11.248876  
10.358792   11.221533  
10.363482   11.194237  
10.368171   11.166990  
10.372861   11.139789  
10.377550   11.112636  
10.382240   11.085530  
10.386929   11.058471  
10.391619   11.031457  
10.396308   11.004491  
10.400998   10.977570  
10.405687   10.950696  
10.410376   10.923867  
10.415066   10.897085  
10.419755   10.870350  
10.424445   10.843661  
10.429134   10.817020  
10.433824   10.790425  
10.438513   10.763877  
10.443203   10.737377  
10.447892   10.710924  
10.452582   10.684517  
10.457271   10.658157  
10.461960   10.631844  
10.466650   10.605577  
10.471339   10.579355  
10.476029   10.553180  
10.480718   10.527050  
10.485408   10.500965  
10.490097   10.474926  
10.494787   10.448932  
10.499476   10.422983  
10.504166   10.397081  
10.508855   10.371224  
10.513544   10.345414  
10.518234   10.319650  
10.522923   10.293932  
10.527613   10.268261  
10.532302   10.242636  
10.536992   10.217057  
10.541681   10.191524  
10.546371   10.166035  
10.551060   10.140594  
10.555750   10.115196  
10.560439   10.089845  
10.565128   10.064538  
10.569818   10.039276  
10.574507   10.014057  
10.579197   9.988884  
10.583886   9.963756  
10.588576   9.938673  
10.593265   9.913635  
10.597955   9.888643  
10.602644   9.863696  
10.607334   9.838794  
10.612023   9.813939  
10.616712   9.789127  
10.621402   9.764362  
10.626091   9.739642  
10.630781   9.714967  
10.635470   9.690336  
10.640160   9.665750  
10.644849   9.641208  
10.649539   9.616710  
10.654228   9.592257  
10.658918   9.567847  
10.663607   9.543482  
10.668296   9.519161  
10.672986   9.494882  
10.677675   9.470650  
10.682365   9.446461  
10.687054   9.422317  
10.691744   9.398217  
10.696433   9.374162  
10.701123   9.350152  
10.705812   9.326187  
10.710502   9.302266  
10.715191   9.278389  
10.719880   9.254557  
10.724570   9.230768  
10.729259   9.207022  
10.733949   9.183320  
10.738638   9.159662  
10.743328   9.136046  
10.748017   9.112474  
10.752707   9.088944  
10.757396   9.065458  
10.762086   9.042016  
10.766775   9.018617  
10.771464   8.995262  
10.776154   8.971950  
10.780843   8.948683  
10.785533   8.925460  
10.790222   8.902281  
10.794912   8.879145  
10.799601   8.856054  
10.804291   8.833005  
10.808980   8.809999  
10.813670   8.787036  
10.818359   8.764116  
10.823048   8.741238  
10.827738   8.718402  
10.832427   8.695609  
10.837117   8.672859  
10.841806   8.650151  
10.846496   8.627486  
10.851185   8.604863  
10.855875   8.582283  
10.860564   8.559747  
10.865254   8.537253  
10.869943   8.514802  
10.874632   8.492396  
10.879322   8.470031  
10.884011   8.447709  
10.888701   8.425431  
10.893390   8.403194  
10.898080   8.381000  
10.902769   8.358848  
10.907459   8.336738  
10.912148   8.314669  
10.916837   8.292641  
10.921527   8.270655  
10.926216   8.248711  
10.930906   8.226808  
10.935595   8.204948  
10.940285   8.183129  
10.944974   8.161353  
10.949664   8.139620  
10.954353   8.117928  
10.959043   8.096278  
10.963732   8.074671  
10.968421   8.053106  
10.973111   8.031583  
10.977800   8.010103  
10.982490   7.988663  
10.987179   7.967264  
10.991869   7.945906  
10.996558   7.924589  
11.001248   7.903312  
11.005937   7.882077  
11.010627   7.860882  
11.015316   7.839729  
11.020005   7.818616  
11.024695   7.797546  
11.029384   7.776516  
11.034074   7.755527  
11.038763   7.734582  
11.043453   7.713677  
11.048142   7.692813  
11.052832   7.671991  
11.057521   7.651209  
11.062211   7.630469  
11.066900   7.609768  
11.071589   7.589109  
11.076279   7.568490  
11.080968   7.547912  
11.085658   7.527372  
11.090347   7.506873  
11.095037   7.486414  
11.099726   7.465995  
11.104416   7.445618  
11.109105   7.425279  
11.113795   7.404982  
11.118484   7.384725  
11.123173   7.364509  
11.127863   7.344333  
11.132552   7.324199  
11.137242   7.304105  
11.141931   7.284051  
11.146621   7.264037  
11.151310   7.244063  
11.156000   7.224129  
11.160689   7.204235  
11.165379   7.184380  
11.170068   7.164564  
11.174757   7.144786  
11.179447   7.125049  
11.184136   7.105351  
11.188826   7.085693  
11.193515   7.066073  
11.198205   7.046493  
11.202894   7.026954  
11.207584   7.007455  
11.212273   6.987995  
11.216963   6.968575  
11.221652   6.949196  
11.226341   6.929855  
11.231031   6.910554  
11.235720   6.891292  
11.240410   6.872069  
11.245099   6.852884  
11.249789   6.833740  
11.254478   6.814633  
11.259168   6.795564  
11.263857   6.776534  
11.268547   6.757541  
11.273236   6.738588  
11.277925   6.719674  
11.282615   6.700797  
11.287304   6.681961  
11.291994   6.663163  
11.296683   6.644405  
11.301373   6.625686  
11.306062   6.607006  
11.310752   6.588364  
11.315441   6.569761  
11.320131   6.551197  
11.324820   6.532670  
11.329509   6.514182  
11.334199   6.495732  
11.338888   6.477319  
11.343578   6.458943  
11.348267   6.440605  
11.352957   6.422306  
11.357646   6.404043  
11.362336   6.385819  
11.367025   6.367633  
11.371715   6.349484  
11.376404   6.331375  
11.381093   6.313302  
11.385783   6.295269  
11.390472   6.277275  
11.395162   6.259318  
11.399851   6.241400  
11.404541   6.223517  
11.409230   6.205672  
11.413920   6.187866  
11.418609   6.170095  
11.423299   6.152362  
11.427988   6.134668  
11.432677   6.117008  
11.437367   6.099385  
11.442056   6.081800  
11.446746   6.064251  
11.451435   6.046740  
11.456125   6.029266  
11.460814   6.011829  
11.465504   5.994431  
11.470193   5.977070  
11.474883   5.959745  
11.479572   5.942458  
11.484261   5.925208  
11.488951   5.907995  
11.493640   5.890818  
11.498330   5.873678  
11.503019   5.856576  
11.507709   5.839509  
11.512398   5.822478  
11.517088   5.805484  
11.521777   5.788524  
11.526467   5.771600  
11.531156   5.754713  
11.535845   5.737865  
11.540535   5.721050  
11.545224   5.704273  
11.549914   5.687529  
11.554603   5.670824  
11.559293   5.654160  
11.563982   5.637528  
11.568672   5.620930  
11.573361   5.604372  
11.578051   5.587849  
11.582740   5.571362  
11.587429   5.554909  
11.592119   5.538493  
11.596808   5.522113  
11.601498   5.505767  
11.606187   5.489455  
11.610877   5.473183  
11.615566   5.456943  
11.620256   5.440738  
11.624945   5.424566  
11.629634   5.408432  
11.634324   5.392338  
11.639013   5.376273  
11.643703   5.360251  
11.648392   5.344257  
11.653082   5.328302  
11.657771   5.312383  
11.662461   5.296517  
11.667150   5.280668  
11.671840   5.264854  
11.676529   5.249055  
11.681218   5.233313  
11.685908   5.217618  
11.690597   5.201941  
11.695287   5.186299  
11.699976   5.170676  
11.704666   5.155099  
11.709355   5.139580  
11.714045   5.124055  
11.718734   5.108590  
11.723424   5.093156  
11.728113   5.077758  
11.732802   5.062397  
11.737492   5.047064  
11.742181   5.031770  
11.746871   5.016510  
11.751560   5.001285  
11.756250   4.986093  
11.760939   4.970935  
11.765629   4.955809  
11.770318   4.940738  
11.775008   4.925681  
11.779697   4.910657  
11.784386   4.895649  
11.789076   4.880692  
11.793765   4.865771  
11.798455   4.850883  
11.803144   4.836029  
11.807834   4.821208  
11.812523   4.806422  
11.817213   4.791674  
11.821902   4.776952  
11.826592   4.762269  
11.831281   4.747621  
11.835970   4.733004  
11.840660   4.718417  
11.845349   4.703866  
11.850039   4.689352  
11.854728   4.674864  
11.859418   4.660412  
11.864107   4.645996  
11.868797   4.631624  
11.873486   4.617252  
11.878176   4.602934  
11.882865   4.588647  
11.887554   4.574392  
11.892244   4.560172  
11.896933   4.545980  
11.901623   4.531826  
11.906312   4.517707  
11.911002   4.503618  
11.915691   4.489562  
11.920381   4.475538  
11.925070   4.461548  
11.929760   4.447590  
11.934449   4.433665  
11.939138   4.419771  
11.943828   4.405909  
11.948517   4.392079  
11.953207   4.378284  
11.957896   4.364512  
11.962586   4.350799  
11.967275   4.337079  
11.971965   4.323410  
11.976654   4.309773  
11.981344   4.296171  
11.986033   4.282601  
11.990722   4.269077  
11.995412   4.255551  
12.000101   4.242077  
12.004791   4.228634  
12.009480   4.215223  
12.014170   4.201841  
12.018859   4.188495  
12.023549   4.175176  
12.028238   4.161890  
12.032928   4.148635  
12.037617   4.135414  
12.042306   4.122218  
12.046996   4.109060  
12.051685   4.095926  
12.056375   4.082831  
12.061064   4.069780  
12.065754   4.056729  
12.070443   4.043723  
12.075133   4.030750  
12.079822   4.017829  
12.084512   4.004904  
12.089201   3.992022  
12.093890   3.979175  
12.098580   3.966360  
12.103269   3.953574  
12.107959   3.940819  
12.112648   3.928094  
12.117338   3.915401  
12.122027   3.902733  
12.126717   3.890099  
12.131406   3.877495  
12.136096   3.864922  
12.140785   3.852381  
12.145474   3.839869  
12.150164   3.827385  
12.154853   3.814938  
12.159543   3.802518  
12.164232   3.790130  
12.168922   3.777771  
12.173611   3.765443  
12.178301   3.753149  
12.182990   3.740878  
12.187680   3.728642  
12.192369   3.716434  
12.197058   3.704254  
12.201748   3.692106  
12.206437   3.679985  
12.211127   3.667895  
12.215816   3.655835  
12.220506   3.643807  
12.225195   3.631805  
12.229885   3.619834  
12.234574   3.607891  
12.239264   3.595980  
12.243953   3.584118  
12.248642   3.572251  
12.253332   3.560430  
12.258021   3.548635  
12.262711   3.536871  
12.267400   3.525138  
12.272090   3.513435  
12.276779   3.501759  
12.281469   3.490113  
12.286158   3.478494  
12.290848   3.466906  
12.295537   3.455345  
12.300226   3.443814  
12.304916   3.432309  
12.309605   3.420835  
12.314295   3.409390  
12.318984   3.397978  
12.323674   3.386588  
12.328363   3.375234  
12.333053   3.363903  
12.337742   3.352606  
12.342431   3.341332  
12.347121   3.330092  
12.351810   3.318878  
12.356500   3.307694  
12.361189   3.296535  
12.365879   3.285406  
12.370568   3.274303  
12.375258   3.263230  
12.379947   3.252184  
12.384637   3.241165  
12.389326   3.230178  
12.394015   3.219216  
12.398705   3.208283  
12.403394   3.197377  
12.408084   3.186501  
12.412773   3.175654  
12.417463   3.164832  
12.422152   3.154042  
12.426842   3.143278  
12.431531   3.132540  
12.436221   3.121834  
12.440910   3.111152  
12.445599   3.100499  
12.450289   3.089872  
12.454978   3.079274  
12.459668   3.068701  
12.464357   3.058156  
12.469047   3.047639  
12.473736   3.037148  
12.478426   3.026683  
12.483115   3.016247  
12.487805   3.005839  
12.492494   2.995458  
12.497183   2.985105  
12.501873   2.974779  
12.506562   2.964478  
12.511252   2.954206  
12.515941   2.943963  
12.520631   2.933746  
12.525320   2.923555  
12.530010   2.913391  
12.534699   2.903252  
12.539389   2.893141  
12.544078   2.883056  
12.548767   2.872997  
12.553457   2.862963  
12.558146   2.852958  
12.562836   2.842976  
12.567525   2.833023  
12.572215   2.823096  
12.576904   2.813197  
12.581594   2.803323  
12.586283   2.793476  
12.590973   2.783656  
12.595662   2.773863  
12.600351   2.764095  
12.605041   2.754356  
12.609730   2.744639  
12.614420   2.734949  
12.619109   2.725287  
12.623799   2.715648  
12.628488   2.706036  
12.633178   2.696449  
12.637867   2.686886  
12.642557   2.677350  
12.647246   2.667840  
12.651935   2.658355  
12.656625   2.648897  
12.661314   2.639463  
12.666004   2.630055  
12.670693   2.620674  
12.675383   2.611318  
12.680072   2.601988  
12.684762   2.592684  
12.689451   2.583404  
12.694141   2.574150  
12.698830   2.564921  
12.703519   2.555718  
12.708209   2.546540  
12.712898   2.537384  
12.717588   2.528255  
12.722277   2.519149  
12.726967   2.510069  
12.731656   2.501014  
12.736346   2.491983  
12.741035   2.482977  
12.745725   2.473997  
12.750414   2.465041  
12.755103   2.456110  
12.759793   2.447205  
12.764482   2.438325  
12.769172   2.429468  
12.773861   2.420637  
12.778551   2.411832  
12.783240   2.403048  
12.787930   2.394290  
12.792619   2.385557  
12.797309   2.376846  
12.801998   2.368159  
12.806687   2.359497  
12.811377   2.350858  
12.816066   2.342243  
12.820756   2.333653  
12.825445   2.325086  
12.830135   2.316544  
12.834824   2.308026  
12.839514   2.299533  
12.844203   2.291062  
12.848893   2.282618  
12.853582   2.274197  
12.858271   2.265799  
12.862961   2.257425  
12.867650   2.249076  
12.872340   2.240748  
12.877029   2.232446  
12.881719   2.224165  
12.886408   2.215908  
12.891098   2.207674  
12.895787   2.199464  
12.900477   2.191276  
12.905166   2.183111  
12.909855   2.174969  
12.914545   2.166853  
12.919234   2.158758  
12.923924   2.150688  
12.928613   2.142640  
12.933303   2.134615  
12.937992   2.126615  
12.942682   2.118637  
12.947371   2.110682  
12.952061   2.102751  
12.956750   2.094842  
12.961439   2.086954  
12.966129   2.079091  
12.970818   2.071250  
12.975508   2.063429  
12.980197   2.055632  
12.984887   2.047857  
12.989576   2.040106  
12.994266   2.032375  
12.998955   2.024668  
13.003645   2.016984  
13.008334   2.009321  
13.013023   2.001682  
13.017713   1.994066  
13.022402   1.986472  
13.027092   1.978901  
13.031781   1.971351  
13.036471   1.963823  
13.041160   1.956318  
13.045850   1.948834  
13.050539   1.941373  
13.055228   1.933931  
13.059918   1.926514  
13.064607   1.919116  
13.069297   1.911741  
13.073986   1.904387  
13.078676   1.897054  
13.083365   1.889744  
13.088055   1.882455  
13.092744   1.875189  
13.097434   1.867944  
13.102123   1.860721  
13.106812   1.853520  
13.111502   1.846340  
13.116191   1.839181  
13.120881   1.832046  
13.125570   1.824930  
13.130260   1.817836  
13.134949   1.810761  
13.139639   1.803710  
13.144328   1.796678  
13.149018   1.789667  
13.153707   1.782677  
13.158396   1.775708  
13.163086   1.768759  
13.167775   1.761832  
13.172465   1.754926  
13.177154   1.748041  
13.181844   1.741177  
13.186533   1.734334  
13.191223   1.727512  
13.195912   1.720711  
13.200602   1.713931  
13.205291   1.707171  
13.209980   1.700432  
13.214670   1.693714  
13.219359   1.687015  
13.224049   1.680337  
13.228738   1.673679  
13.233428   1.667041  
13.238117   1.660423  
13.242807   1.653825  
13.247496   1.647247  
13.252186   1.640689  
13.256875   1.634152  
13.261564   1.627635  
13.266254   1.621138  
13.270943   1.614662  
13.275633   1.608206  
13.280322   1.601770  
13.285012   1.595355  
13.289701   1.588958  
13.294391   1.582582  
13.299080   1.576226  
13.303770   1.569890  
13.308459   1.563572  
13.313148   1.557274  
13.317838   1.550995  
13.322527   1.544736  
13.327217   1.538496  
13.331906   1.532275  
13.336596   1.526074  
13.341285   1.519892  
13.345975   1.513730  
13.350664   1.507587  
13.355354   1.501465  
13.360043   1.495361  
13.364732   1.489277  
13.369422   1.483213  
13.374111   1.477168  
13.378801   1.471141  
13.383490   1.465134  
13.388180   1.459145  
13.392869   1.453176  
13.397559   1.447225  
13.402248   1.441292  
13.406938   1.435378  
13.411627   1.429483  
13.416316   1.423606  
13.421006   1.417748  
13.425695   1.411909  
13.430385   1.406088  
13.435074   1.400287  
13.439764   1.394504  
13.444453   1.388740  
13.449143   1.382995  
13.453832   1.377269  
13.458522   1.371561  
13.463211   1.365871  
13.467900   1.360200  
13.472590   1.354547  
13.477279   1.348912  
13.481969   1.343295  
13.486658   1.337696  
13.491348   1.332114  
13.496037   1.326550  
13.500727   1.321005  
13.505416   1.315477  
13.510106   1.309967  
13.514795   1.304475  
13.519484   1.299002  
13.524174   1.293547  
13.528863   1.288110  
13.533553   1.282690  
13.538242   1.277289  
13.542932   1.271906  
13.547621   1.266540  
13.552311   1.261192  
13.557000   1.255861  
13.561690   1.250548  
13.566379   1.245252  
13.571068   1.239973  
13.575758   1.234711  
13.580447   1.229467  
13.585137   1.224239  
13.589826   1.219029  
13.594516   1.213836  
13.599205   1.208660  
13.603895   1.203502  
13.608584   1.198361  
13.613274   1.193238  
13.617963   1.188132  
13.622652   1.183043  
13.627342   1.177972  
13.632031   1.172917  
13.636721   1.167880  
13.641410   1.162859  
13.646100   1.157854  
13.650789   1.152867  
13.655479   1.147896  
13.660168   1.142941  
13.664858   1.138003  
13.669547   1.133081  
13.674236   1.128176  
13.678926   1.123287  
13.683615   1.118415  
13.688305   1.113560  
13.692994   1.108721  
13.697684   1.103899  
13.702373   1.099094  
13.707063   1.094305  
13.711752   1.089533  
13.716441   1.084777  
13.721131   1.080037  
13.725820   1.075314  
13.730510   1.070606  
13.735199   1.065915  
13.739889   1.061239  
13.744578   1.056579  
13.749268   1.051935  
13.753957   1.047306  
13.758647   1.042693  
13.763336   1.038097  
13.768025   1.033516  
13.772715   1.028951  
13.777404   1.024402  
13.782094   1.019869  
13.786783   1.015352  
13.791473   1.010851  
13.796162   1.006366  
13.800852   1.001897  
13.805541   0.997443  
13.810231   0.993005  
13.814920   0.988581  
13.819609   0.984174  
13.824299   0.979781  
13.828988   0.975404  
13.833678   0.971041  
13.838367   0.966694  
13.843057   0.962362  
13.847746   0.958045  
13.852436   0.953743  
13.857125   0.949456  
13.861815   0.945185  
13.866504   0.940929  
13.871193   0.936689  
13.875883   0.932464  
13.880572   0.928254  
13.885262   0.924059  
13.889951   0.919878  
13.894641   0.915713  
13.899330   0.911562  
13.904020   0.907426  
13.908709   0.903305  
13.913399   0.899198  
13.918088   0.895106  
13.922777   0.891028  
13.927467   0.886964  
13.932156   0.882915  
13.936846   0.878880  
13.941535   0.874860  
13.946225   0.870855  
13.950914   0.866864  
13.955604   0.862888  
13.960293   0.858927  
13.964983   0.854980  
13.969672   0.851047  
13.974361   0.847129  
13.979051   0.843225  
13.983740   0.839335  
13.988430   0.835459  
13.993119   0.831598  
13.997809   0.827749  
14.002498   0.823915  
14.007188   0.820095  
14.011877   0.816288  
14.016567   0.812495  
14.021256   0.808716  
14.025945   0.804950  
14.030635   0.801199  
14.035324   0.797462  
14.040014   0.793739  
14.044703   0.790030  
14.049393   0.786335  
14.054082   0.782653  
14.058772   0.778986  
14.063461   0.775331  
14.068151   0.771691  
14.072840   0.768063  
14.077529   0.764449  
14.082219   0.760849  
14.086908   0.757261  
14.091598   0.753687  
14.096287   0.750125  
14.100977   0.746577  
14.105666   0.743042  
14.110356   0.739520  
14.115045   0.736012  
14.119735   0.732517  
14.124424   0.729035  
14.129113   0.725567  
14.133803   0.722112  
14.138492   0.718670  
14.143182   0.715242  
14.147871   0.711826  
14.152561   0.708423  
14.157250   0.705033  
14.161940   0.701656  
14.166629   0.698291  
14.171319   0.694939  
14.176008   0.691599  
14.180697   0.688272  
14.185387   0.684958  
14.190076   0.681655  
14.194766   0.678366  
14.199455   0.675089  
14.204145   0.671826  
14.208834   0.668574  
14.213524   0.665336  
14.218213   0.662110  
14.222903   0.658897  
14.227592   0.655696  
14.232281   0.652508  
14.236971   0.649332  
14.241660   0.646168  
14.246350   0.643016  
14.251039   0.639877  
14.255729   0.636749  
14.260418   0.633633  
14.265108   0.630530  
14.269797   0.627438  
14.274487   0.624357  
14.279176   0.621289  
14.283865   0.618234  
14.288555   0.615190  
14.293244   0.612158  
14.297934   0.609139  
14.302623   0.606131  
14.307313   0.603136  
14.312002   0.600152  
14.316692   0.597181  
14.321381   0.594221  
14.326071   0.591272  
14.330760   0.588335  
14.335449   0.585410  
14.340139   0.582496  
14.344828   0.579594  
14.349518   0.576702  
14.354207   0.573822  
14.358897   0.570954  
14.363586   0.568096  
14.368276   0.565250  
14.372965   0.562416  
14.377655   0.559594  
14.382344   0.556782  
14.387033   0.553983  
14.391723   0.551194  
14.396412   0.548418  
14.401102   0.545652  
14.405791   0.542897  
14.410481   0.540154  
14.415170   0.537421  
14.419860   0.534700  
14.424549   0.531989  
14.429238   0.529289  
14.433928   0.526600  
14.438617   0.523922  
14.443307   0.521254  
14.447996   0.518597  
14.452686   0.515951  
14.457375   0.513316  
14.462065   0.510692  
14.466754   0.508078  
14.471444   0.505476  
14.476133   0.502885  
14.480822   0.500304  
14.485512   0.497734  
14.490201   0.495175  
14.494891   0.492626  
14.499580   0.490087  
14.504270   0.487559  
14.508959   0.485042  
14.513649   0.482534  
14.518338   0.480037  
14.523028   0.477550  
14.527717   0.475073  
14.532406   0.472606  
14.537096   0.470150  
14.541785   0.467704  
14.546475   0.465268  
14.551164   0.462843  
14.555854   0.460428  
14.560543   0.458023  
14.565233   0.455629  
14.569922   0.453244  
14.574612   0.450870  
14.579301   0.448506  
14.583990   0.446152  
14.588680   0.443807  
14.593369   0.441473  
14.598059   0.439148  
14.602748   0.436832  
14.607438   0.434526  
14.612127   0.432230  
14.616817   0.429944  
14.621506   0.427667  
14.626196   0.425400  
14.630885   0.423143  
14.635574   0.420896  
14.640264   0.418658  
14.644953   0.416431  
14.649643   0.414213  
14.654332   0.412004  
14.659022   0.409806  
14.663711   0.407616  
14.668401   0.405436  
14.673090   0.403266  
14.677780   0.401104  
14.682469   0.398952  
14.687158   0.396809  
14.691848   0.394675  
14.696537   0.392550  
14.701227   0.390435  
14.705916   0.388328  
14.710606   0.386231  
14.715295   0.384143  
14.719985   0.382064  
14.724674   0.379994  
14.729364   0.377934  
14.734053   0.375883  
14.738742   0.373841  
14.743432   0.371808  
14.748121   0.369784  
14.752811   0.367769  
14.757500   0.365763  
14.762190   0.363766  
14.766879   0.361777  
14.771569   0.359797  
14.776258   0.357825  
14.780948   0.355862  
14.785637   0.353908  
14.790326   0.351962  
14.795016   0.350025  
14.799705   0.348096  
14.804395   0.346177  
14.809084   0.344266  
14.813774   0.342364  
14.818463   0.340471  
14.823153   0.338586  
14.827842   0.336710  
14.832532   0.334842  
14.837221   0.332983  
14.841910   0.331132  
14.846600   0.329289  
14.851289   0.327454  
14.855979   0.325628  
14.860668   0.323810  
14.865358   0.321999  
14.870047   0.320197  
14.874737   0.318403  
14.879426   0.316617  
14.884116   0.314840  
14.888805   0.313070  
14.893494   0.311309  
14.898184   0.309556  
14.902873   0.307812  
14.907563   0.306075  
14.912252   0.304347  
14.916942   0.302626  
14.921631   0.300914  
14.926321   0.299209  
14.931010   0.297512  
14.935700   0.295823  
14.940389   0.294141  
14.945078   0.292468  
14.949768   0.290801  
14.954457   0.289142  
14.959147   0.287491  
14.963836   0.285848  
14.968526   0.284212  
14.973215   0.282584  
14.977905   0.280964  
14.982594   0.279352  
14.987284   0.277747  
14.991973   0.276150  
14.996662   0.274561  
15.001352   0.272979  
15.006041   0.271404  
15.010731   0.269837  
15.015420   0.268278  
15.020110   0.266725  
15.024799   0.265180  
15.029489   0.263642  
15.034178   0.262111  
15.038868   0.260587  
15.043557   0.259071  
15.048246   0.257561  
15.052936   0.256059  
15.057625   0.254564  
15.062315   0.253076  
15.067004   0.251596  
15.071694   0.250123  
15.076383   0.248657  
15.081073   0.247198  
15.085762   0.245747  
15.090452   0.244302  
15.095141   0.242864  
15.099830   0.241433  
15.104520   0.240009  
15.109209   0.238592  
15.113899   0.237182  
15.118588   0.235778  
15.123278   0.234381  
15.127967   0.232990  
15.132657   0.231607  
15.137346   0.230230  
15.142035   0.228859  
15.146725   0.227496  
15.151414   0.226140  
15.156104   0.224790  
15.160793   0.223447  
15.165483   0.222111  
15.170172   0.220782  
15.174862   0.219459  
15.179551   0.218142  
15.184241   0.216832  
15.188930   0.215529  
15.193619   0.214231  
15.198309   0.212941  
15.202998   0.211656  
15.207688   0.210378  
15.212377   0.209105  
15.217067   0.207839  
15.221756   0.206580  
15.226446   0.205326  
15.231135   0.204080  
15.235825   0.202839  
15.240514   0.201605  
15.245203   0.200377  
15.249893   0.199156  
15.254582   0.197941  
15.259272   0.196732  
15.263961   0.195529  
15.268651   0.194332  
15.273340   0.193141  
15.278030   0.191956  
15.282719   0.190777  
15.287409   0.189604  
15.292098   0.188436  
15.296787   0.187275  
15.301477   0.186119  
15.306166   0.184969  
15.310856   0.183825  
15.315545   0.182687  
15.320235   0.181555  
15.324924   0.180429  
15.329614   0.179309  
15.334303   0.178195  
15.338993   0.177086  
15.343682   0.175984  
15.348371   0.174887  
15.353061   0.173796  
15.357750   0.172710  
15.362440   0.171630  
15.367129   0.170555  
15.371819   0.169486  
15.376508   0.168422  
15.381198   0.167364  
15.385887   0.166311  
15.390577   0.165263  
15.395266   0.164221  
15.399955   0.163185  
15.404645   0.162154  
15.409334   0.161129  
15.414024   0.160109  
15.418713   0.159095  
15.423403   0.158086  
15.428092   0.157083  
15.432782   0.156085  
15.437471   0.155092  
15.442161   0.154104  
15.446850   0.153122  
15.451539   0.152144  
15.456229   0.151172  
15.460918   0.150205  
15.465608   0.149243  
15.470297   0.148285  
15.474987   0.147333  
15.479676   0.146386  
15.484366   0.145444  
15.489055   0.144508  
15.493745   0.143576  
15.498434   0.142650  
15.503123   0.141729  
15.507813   0.140812  
15.512502   0.139901  
15.517192   0.138995  
15.521881   0.138094  
15.526571   0.137197  
15.531260   0.136306  
15.535950   0.135419  
15.540639   0.134537  
15.545329   0.133659  
